With beta=0:    10
allSamples =

    1.0000    5.0000   50.0000    0.2778
    1.0000    5.0000   50.0000    0.4333
    1.0000    5.0000   50.0000    0.5111
    1.0000   10.0000   25.0000    0.2000
    1.0000   10.0000   25.0000    0.3556
    1.0000   20.0000    5.0000    0.6667
    2.0000    5.0000   50.0000    0.2778
    2.0000   10.0000   50.0000    0.2000
    3.0000    5.0000   50.0000    0.2000
    3.0000    5.0000   50.0000    0.2778
    3.0000    5.0000   50.0000    0.4333
    3.0000   10.0000   20.0000    0.5111
    4.0000    5.0000   50.0000    0.2000
    4.0000    5.0000   50.0000    0.4333
    5.0000    5.0000   50.0000    0.2778
    5.0000    5.0000   50.0000    0.3556
    5.0000    5.0000   50.0000    0.4333
    6.0000    5.0000   50.0000    0.2000
    6.0000    5.0000   50.0000    0.3556
    6.0000   10.0000   20.0000    0.5889
    7.0000    5.0000   50.0000    0.4333
    7.0000    5.0000   50.0000    0.5111
    7.0000   10.0000   50.0000    0.2778
    8.0000    5.0000   25.0000    0.6667
    8.0000    5.0000   50.0000    0.2778
    8.0000    5.0000   50.0000    0.3556
    9.0000   10.0000   50.0000    0.2000
   10.0000    5.0000   25.0000    0.6667
   10.0000    5.0000   50.0000    0.5889
   10.0000    5.0000   50.0000    0.6667
   10.0000    5.0000   50.0000    0.7444
   
   
with beta=0.1 :     8

allSamples =

    1.0000    5.0000   50.0000    0.2778
    1.0000    5.0000   50.0000    0.3556
    1.0000   10.0000   50.0000    0.2000
    1.0000   10.0000   50.0000    0.2778
    3.0000    5.0000   50.0000    0.2000
    3.0000    5.0000   50.0000    0.5111
    4.0000    5.0000   50.0000    0.2778
    4.0000    5.0000   50.0000    0.3556
    4.0000   10.0000   20.0000    0.5889
    4.0000   10.0000   50.0000    0.2000
    6.0000    5.0000   50.0000    0.2778
    6.0000   10.0000   25.0000    0.2778
    7.0000    5.0000   50.0000    0.2778
    8.0000   10.0000   25.0000    0.2000
    8.0000   20.0000    5.0000    0.4333
    9.0000    5.0000   50.0000    0.3556
    9.0000   10.0000   25.0000    0.4333
    9.0000   10.0000   50.0000    0.2000
   10.0000    5.0000   50.0000    0.6667
   
   
   
with beta=0.3    :      7

allSamples =

    2.0000   10.0000   25.0000    0.4333
    2.0000   10.0000   50.0000    0.2778
    3.0000   10.0000   50.0000    0.2778
    4.0000   10.0000   25.0000    0.3556
    4.0000   20.0000    5.0000    0.2778
    5.0000    5.0000   25.0000    0.6667
    5.0000   30.0000    5.0000    0.2000
    7.0000   20.0000   10.0000    0.2778
    9.0000   10.0000   50.0000    0.3556
   10.0000   10.0000   50.0000    0.2778
   
   
   
With beta=0.5   :8    

allSamples =

    1.0000    5.0000   50.0000    0.5889
    1.0000   10.0000   20.0000    0.4333
    1.0000   10.0000   25.0000    0.3556
    2.0000   10.0000   20.0000    0.4333
    3.0000   10.0000   10.0000    0.4333
    3.0000   10.0000   20.0000    0.3556
    3.0000   10.0000   20.0000    0.4333
    4.0000    5.0000   50.0000    0.5889
    5.0000    5.0000   50.0000    0.5889
    5.0000   20.0000    5.0000    0.2778
    6.0000   10.0000   25.0000    0.4333
    7.0000    5.0000   25.0000    0.6667
    9.0000   10.0000   20.0000    0.3556
    
    
    
With beta=1.0   :5    

allSamples =

    1.0000    5.0000   20.0000    0.6667
    4.0000    5.0000   25.0000    0.5889
    4.0000   10.0000   20.0000    0.3556
    5.0000   10.0000   25.0000    0.4333
    5.0000   20.0000   10.0000    0.2778
    7.0000    5.0000   10.0000    0.7444
   10.0000   20.0000   10.0000    0.2778
   
   

#--------------------------------
#With d=n=1000
#--------------------------------

With beta=0: All K=10

bestConfig =
    <Sample><edgeThresh><S>      <Gamma>   
    1.0000    5.0000  200.0000    0.7000
    1.0000    5.0000  200.0000    0.9000
    1.0000   10.0000  200.0000    0.7000
    1.0000   10.0000  200.0000    0.9000
    1.0000   20.0000  100.0000    0.3000
    1.0000   20.0000  100.0000    0.5000
    1.0000   20.0000  200.0000    0.7000
    1.0000   20.0000  200.0000    0.9000
    1.0000   30.0000   75.0000    0.3000
    1.0000   30.0000   75.0000    0.4000
    1.0000   30.0000  100.0000    0.2000
    1.0000   30.0000  100.0000    0.3000
    1.0000   30.0000  100.0000    0.5000
    1.0000   30.0000  200.0000    0.7000
    1.0000   40.0000   75.0000    0.3000
    1.0000   40.0000   75.0000    0.4000
    1.0000   40.0000  100.0000    0.2000
    1.0000   40.0000  100.0000    0.3000
    1.0000   40.0000  100.0000    0.5000
    1.0000   40.0000  200.0000    0.7000

   
With beta=0.05: 
bestConfig =
    <Sample><edgeThresh><S>      <Gamma>  <Tolerance><K>
    1.0000   20.0000   50.0000    0.9000   10.0000    9.0000
    1.0000   20.0000  150.0000    0.7000   10.0000   10.0000
    1.0000   30.0000  100.0000    0.7000   15.0000    9.0000


With beta=0.1: 
bestConfig =
    <Sample><edgeThresh><S>      <Gamma>  <Tolerance><K>                
    1.0000   20.0000  150.0000    0.7000   15.0000   10.0000
    1.0000   20.0000  150.0000    0.7000   20.0000   10.0000


With beta=0.2: 
bestConfig =
    <Sample><edgeThresh><S>      <Gamma>  <Tolerance><K>                
    1.0000   50.0000  150.0000    0.5000   4.0000   11.0000
    1.0000   50.0000  150.0000    0.5000   8.0000   11.0000
    1.0000   50.0000  150.0000    0.5000   10.0000   11.0000
    1.0000   50.0000  150.0000    0.5000   13.0000   11.0000






#--------------------------------
#With d=2000, n=2000, k=10, c=20
#--------------------------------
With beta=0



#--------------------------------
#With d=4096, n=165, k=15
#--------------------------------
beta=0
bestConfig =

    1.0000    5.0000   75.0000    0.2000
    1.0000    5.0000  100.0000    0.2000
    1.0000    5.0000  100.0000    0.3000
    1.0000    5.0000  100.0000    0.4000
    1.0000    5.0000  150.0000    0.2000
    1.0000    5.0000  150.0000    0.3000
    1.0000    5.0000  150.0000    0.6000
    1.0000   10.0000   50.0000    0.1000
    1.0000   10.0000   75.0000    0.1000
    1.0000   10.0000   75.0000    0.2000
    1.0000   10.0000  100.0000    0.1000
    1.0000   10.0000  100.0000    0.2000
    1.0000   10.0000  150.0000    0.1000
    1.0000   10.0000  150.0000    0.2000
    
    

#-------------------------------------------------------
#With Multinomial noise: n=d=1000, k=10, c=20, m=1000
#-------------------------------------------------------


bestConfig =
    <Sample> <edgeT>   <S>       <Gamma> <Tolerance> <recoveredK>
    1.0000   30.0000   20.0000    0.5000   50.0000    9.0000
    1.0000   50.0000  200.0000    0.3000  100.0000    9.0000
    1.0000   50.0000  200.0000    0.3000   50.0000    9.0000
    1.0000   50.0000  200.0000    0.3000   10.0000    9.0000
    1.0000   75.0000   20.0000    0.3000   50.0000   10.0000
    1.0000   75.0000   40.0000    0.3000   50.0000   10.0000
    1.0000   75.0000  100.0000    0.3000  200.0000   10.0000
    1.0000   75.0000  100.0000    0.3000  100.0000   10.0000
    1.0000   75.0000  100.0000    0.3000   20.0000   10.0000
    1.0000   75.0000  100.0000    0.3000   10.0000   10.0000
    1.0000   75.0000  100.0000    0.3000    4.0000   10.0000
    1.0000  100.0000   40.0000    0.3000  200.0000    9.0000
    1.0000  100.0000   40.0000    0.3000  100.0000    9.0000

Interesting: With edgeThreshold=75, s=100,  gamma=0.3, tolerance=anyval is the best config. Does it say pruning doesn't matter?


#-------------------------------------------------------
#With Multinomial noise: n=d=1000, k=10, c=20,  m=200
#-------------------------------------------------------
Trying with a smaller set of parameters based on the above result.

